# transform file /gl/med/tvanerp/abide/t1/freesurfer/0050299/mri/transforms/cc_up.lta
# created by tvanerp on Wed Mar 13 02:29:36 2013

type      = 0
nxforms   = 1
mean      = 124.0000 127.0000 119.0000
sigma     = 10000.0000
1 4 4
9.997601509094238e-01 -9.361281991004944e-03 -1.979761198163033e-02 7.394300460815430e+00 
9.359447285532951e-03 9.999561905860901e-01 -1.853391731856391e-04 1.487538433074951e+01 
1.979848183691502e-02 -0.000000000000000e+00 9.998040199279785e-01 8.587726593017578e+00 
0.000000000000000e+00 0.000000000000000e+00 0.000000000000000e+00 1.000000000000000e+00 
src volume info
valid = 1  # volume info valid
filename = /gl/med/tvanerp/abide/t1/freesurfer/0050299/mri/norm.mgz
volume = 256 256 256
voxelsize = 1.000000000000000e+00 1.000000000000000e+00 1.000000000000000e+00
xras   = -1.000000000000000e+00 0.000000000000000e+00 0.000000000000000e+00
yras   = 0.000000000000000e+00 0.000000000000000e+00 -1.000000000000000e+00
zras   = 0.000000000000000e+00 1.000000000000000e+00 0.000000000000000e+00
cras   = -5.078125000000000e-01 5.078125000000000e-01 7.000045776367188e-01
dst volume info
valid = 1  # volume info valid
filename = /gl/med/tvanerp/abide/t1/freesurfer/0050299/mri/norm.mgz
volume = 256 256 256
voxelsize = 1.000000000000000e+00 1.000000000000000e+00 1.000000000000000e+00
xras   = -1.000000000000000e+00 0.000000000000000e+00 0.000000000000000e+00
yras   = 0.000000000000000e+00 0.000000000000000e+00 -1.000000000000000e+00
zras   = 0.000000000000000e+00 1.000000000000000e+00 0.000000000000000e+00
cras   = -5.078125000000000e-01 5.078125000000000e-01 7.000045776367188e-01
