# transform file transforms/talairach_with_skull.lta
# created by tvanerp on Wed Mar 13 01:54:13 2013

type      = 0
nxforms   = 1
mean      = 124.0000 127.0000 119.0000
sigma     = 10000.0000
1 4 4
1.276811957359314e+00 1.281369756907225e-02 -1.340560149401426e-02 -3.128566551208496e+01 
-1.648807898163795e-02 1.458578705787659e+00 -3.402365744113922e-01 -2.194340896606445e+01 
-3.979444038122892e-03 1.617963463068008e-01 9.629107713699341e-01 -2.716843223571777e+01 
0.000000000000000e+00 0.000000000000000e+00 0.000000000000000e+00 1.000000000000000e+00 
src volume info
valid = 1  # volume info valid
filename = nu_noneck.mgz
volume = 256 256 256
voxelsize = 1.000000000000000e+00 1.000000000000000e+00 1.000000000000000e+00
xras   = -1.000000000000000e+00 0.000000000000000e+00 0.000000000000000e+00
yras   = 0.000000000000000e+00 0.000000000000000e+00 -1.000000000000000e+00
zras   = 0.000000000000000e+00 1.000000000000000e+00 0.000000000000000e+00
cras   = -5.078125000000000e-01 5.078125000000000e-01 7.000045776367188e-01
dst volume info
valid = 1  # volume info valid
filename = /data/apps/freesurfer/5.1.0/average/RB_all_withskull_2008-03-26.gca
volume = 256 256 256
voxelsize = 1.000000000000000e+00 1.000000000000000e+00 1.000000000000000e+00
xras   = -1.000000000000000e+00 0.000000000000000e+00 0.000000000000000e+00
yras   = 0.000000000000000e+00 0.000000000000000e+00 -1.000000000000000e+00
zras   = 0.000000000000000e+00 1.000000000000000e+00 0.000000000000000e+00
cras   = 0.000000000000000e+00 0.000000000000000e+00 0.000000000000000e+00
fscale 0.150000
