# transform file transforms/talairach.lta
# created by tvanerp on Tue Mar 12 12:18:41 2013

type      = 0
nxforms   = 1
mean      = 124.0000 127.0000 119.0000
sigma     = 10000.0000
1 4 4
1.050840139389038e+00 -2.126692607998848e-02 -3.048254922032356e-02 2.883358955383301e+00 
1.747533679008484e-02 1.179180264472961e+00 -1.468612700700760e-01 -1.882222557067871e+01 
3.634816408157349e-02 4.619574174284935e-02 9.431989789009094e-01 -1.762442588806152e+01 
0.000000000000000e+00 0.000000000000000e+00 0.000000000000000e+00 1.000000000000000e+00 
src volume info
valid = 1  # volume info valid
filename = nu.mgz
volume = 256 256 256
voxelsize = 1.000000000000000e+00 1.000000000000000e+00 1.000000000000000e+00
xras   = -1.000000000000000e+00 0.000000000000000e+00 0.000000000000000e+00
yras   = 0.000000000000000e+00 0.000000000000000e+00 -1.000000000000000e+00
zras   = 0.000000000000000e+00 1.000000000000000e+00 0.000000000000000e+00
cras   = -5.078125000000000e-01 5.078125000000000e-01 7.000045776367188e-01
dst volume info
valid = 1  # volume info valid
filename = /data/apps/freesurfer/5.1.0/average/RB_all_2008-03-26.gca
volume = 256 256 256
voxelsize = 1.000000000000000e+00 1.000000000000000e+00 1.000000000000000e+00
xras   = -1.000000000000000e+00 0.000000000000000e+00 0.000000000000000e+00
yras   = 0.000000000000000e+00 0.000000000000000e+00 -1.000000000000000e+00
zras   = 0.000000000000000e+00 1.000000000000000e+00 0.000000000000000e+00
cras   = 0.000000000000000e+00 0.000000000000000e+00 0.000000000000000e+00
